process 1 event order: [[0,1,0]]
process 2 event order: [[0,0,1],[0,1,2]]
process 0 event order: [[1,0,0],[2,0,1]]
process 1 event order: [[0,1,0],[0,2,0],[1,3,0]]
process 0 event order: [[1,0,0],[2,0,1],[3,0,1]]
process 2 event order: [[0,0,1],[0,1,2],[0,1,3],[0,2,4]]
process 0 event order: [[1,0,0],[2,0,1],[3,0,1],[4,0,1],[5,1,3]]
process 1 event order: [[0,1,0],[0,2,0],[1,3,0],[1,4,0],[3,5,1]]
process 2 event order: [[0,0,1],[0,1,2],[0,1,3],[0,2,4],[0,2,5],[1,4,6]]
process 2 event order: [[0,0,1],[0,1,2],[0,1,3],[0,2,4],[0,2,5],[1,4,6],[1,4,7]]
process 1 event order: [[0,1,0],[0,2,0],[1,3,0],[1,4,0],[3,5,1],[3,6,1],[4,7,1]]
process 0 event order: [[1,0,0],[2,0,1],[3,0,1],[4,0,1],[5,1,3],[6,1,3],[7,2,5]]
process 1 event order: [[0,1,0],[0,2,0],[1,3,0],[1,4,0],[3,5,1],[3,6,1],[4,7,1],[4,8,1],[6,9,3]]
process 2 event order: [[0,0,1],[0,1,2],[0,1,3],[0,2,4],[0,2,5],[1,4,6],[1,4,7],[1,4,8],[3,6,9]]
process 0 event order: [[1,0,0],[2,0,1],[3,0,1],[4,0,1],[5,1,3],[6,1,3],[7,2,5],[8,2,5],[9,4,7]]
Process 0: [9. 4. 7]Process 1: [6. 9. 3]Process 2: [3. 6. 9]